# Fix print output for fix def1
-0.00499999999999969 -0.00672432453419727 -0.0115556758004589 -0.643264511167273
-0.00999999999999986 0.015322210666016 0.00776060093231224 -1.29781269051289
-0.0149999999999997 -0.0142386013570414 -0.0155120451425855 -2.00476489484552
-0.0199999999999999 -0.00561338738714987 -0.00536753071180435 -2.69132836829224
-0.0249999999999997 0.00655697453639176 -0.00367524866126097 -3.3920417758816
-0.0299999999999999 -0.00252190695581707 0.00238724112535899 -4.06501368699237
-0.0349999999999997 -0.00367638679196459 -0.00698339855822572 -4.73061902314135
-0.0399999999999999 0.0103080422434166 -0.0023564609418295 -5.34337565748691
-0.0449999999999998 -0.00431527952093335 -0.0107535799819053 -5.92547748426403
-0.0499999999999999 0.00132935515942446 -0.00232992493492675 -6.44411066848774
-0.0549999999999998 -0.0197660654783635 -0.0174020054344281 -6.91665512669728
-0.0599999999999999 -0.00425475081585764 -0.0139876242979412 -7.2967952295209
-0.0649999999999998 0.00881952067866062 -0.000670659268429359 -7.61144644187125
-0.07 -0.00886208211053077 -0.0109592502824867 -7.88500680513437
-0.0749999999999998 -0.00427169672054904 0.000385005045091757 -8.07667345866432
-0.08 -0.0143666071429569 -0.0223756536318991 -8.18610802388137
-0.0849999999999998 -0.000982338231643746 -0.0143153367833859 -8.24745998342127
-0.09 -0.0166446249101219 -0.0107294828706289 -8.24142086488738
-0.0949999999999998 -0.00632902389902871 -0.0145844470604409 -8.19814625831403
-0.1 -0.00388743475750929 -0.00998396108399439 -8.10222711545953
-0.105 0.00791582017238722 -0.00981645506284614 -7.96308105283464
-0.11 0.00131026239691677 -0.0112926293389394 -7.77616239701904
-0.115 0.00214742400950997 -0.00601974864361522 -7.55569627606669
-0.12 -0.0207009511032956 -0.00895649034440461 -7.24614974785644
-0.125 -0.0450615585589978 -0.0152277898281288 -6.70150553124549
-0.13 -0.0389407799140196 -0.0570131509846073 -5.84313376001793
-0.135 -0.0221443036298353 -0.0189368025445656 -4.34862588482838
-0.14 -0.00789074155742175 -0.0149139011148824 -3.31435313577422
-0.145 -0.0137411633699197 -0.0124663629264296 -3.17575927021617
-0.15 -0.026681150249665 -0.0124339552241357 -3.04300726578263
-0.155 0.00847409843440701 0.00615538215961093 -3.0961520769713
-0.16 -0.0204852214509867 0.0058260328843109 -2.82655710126222
-0.165 0.0101955026316505 -0.0263771747382033 -2.65152814107777
-0.17 0.0136782138073936 0.0353092050900324 -2.56955338702877
-0.175 0.00867454839885398 -0.00947612034020878 -2.74284079139028
-0.18 -0.0164118813606844 -0.0363365303144312 -2.83041461833063
-0.185 -0.0398791041566417 -0.00187504834831248 -3.02710148607587
-0.19 0.0066125136496814 0.0128683638413843 -2.94376143689302
-0.195 -0.00760638772905554 0.0156969602160109 -3.1042545157892
-0.2 -0.0297826627862673 -0.00908411918719675 -3.17495922925746
-0.205 -0.000720599862376829 0.00220243511210108 -3.32083322173329
-0.21 0.0236534334030503 -0.0106485618016787 -3.47309001245119
-0.215 0.00919298661237171 -0.0149654781217471 -3.38616780287482
-0.22 0.0185476443423777 -0.00106483791582156 -3.46659840380446
-0.225 -0.0243167766007902 -0.0492174008733714 -3.57111489613353
-0.23 -0.0094953739263461 -0.0128310211413958 -3.45661511351635
-0.235 -0.00389662439736062 -0.0270477406546574 -3.44224472325052
-0.24 -0.00869752213835501 0.0360712208413829 -3.38288139561453
-0.245 -0.0188131190780435 -0.0389718570224305 -3.65083675710234
-0.25 -0.00760358759885719 -0.0105691703457528 -3.74624592011434
-0.255 -0.029266754202476 -0.0317539802475486 -4.07065188573364
-0.26 -0.0197196489941908 -0.035420743093031 -3.97500262718258
-0.265 0.00288705615151578 -0.0177914983834874 -4.02728985349576
-0.27 0.0446722858396806 -0.0401692601477463 -3.97753391640553
-0.275 -0.01838512294931 -0.0235075823824696 -3.97224698295813
-0.28 0.0127579662122173 -0.0224685443569741 -4.10739061716806
-0.285 -0.00928547646833128 -0.039980334632635 -4.22335474703631
-0.29 -0.0186558313505352 -0.00413570514648902 -4.36369383372867
-0.295 -0.000341689963637281 -0.00509932524910035 -4.25765394922781
-0.3 -0.0584212186022554 0.00578285966950656 -4.22394746054701
-0.305 -0.00276793173505551 -0.00779178767469755 -4.18441045286072
-0.31 0.0154433271386568 -0.024065415779608 -4.49723007459208
-0.315 -0.00252054544757992 -0.0252462394037752 -4.74217625082964
-0.32 0.017100043472055 -0.0243307061439119 -4.88256332272306
-0.325 -0.0219604617003315 0.0137866828420731 -5.11748615774666
-0.33 -0.00984601118196037 -0.0141551004660472 -5.23083632542436
-0.335 0.0111560150930299 -0.0547471167452754 -5.20322927831911
-0.34 -0.0201209409460801 -0.0114202509009845 -4.85940509191921
-0.345 0.000684834960387843 -0.0267654167717574 -4.56604755232069
-0.35 -0.00549189099147706 -0.0187009110273758 -4.31015850955194
-0.355 -0.0370783653440593 -0.0206090785408268 -4.01037058110056
-0.36 0.0117744759900178 -0.0389566008812755 -3.96528727240605
-0.365 0.00572148953230835 0.00336668239299165 -4.09196034267513
-0.37 -0.0361828676415549 -0.0245698435736419 -4.23045938271751
-0.375 -0.00905794027200359 -0.034561871389711 -4.23453879741045
-0.38 0.00306450166228025 -0.0612605901345924 -4.16765629361605
-0.385 -0.00531034892292336 0.010104077724949 -4.29322807584127
-0.39 -0.0164786577698077 -0.0326024238076421 -4.51495634187538
-0.395 -0.00959141205768301 -0.0204917320182077 -4.91129821775823
-0.4 -0.0173380813457143 -0.00632219213113234 -5.17723039309532
