# Fix print output for fix def1
-0.000999999999999793 -0.0165237209217299 -0.0165099197720125 -0.129402472147646
-0.00199999999999959 0.0104205444077874 0.0122806573283886 -0.23727943990061
-0.0029999999999997 -0.0209713274756177 -0.0187780445823396 -0.377868370726424
-0.00399999999999982 0.00997462302948947 0.0181540326691571 -0.476879695450972
-0.00499999999999961 -0.0202860437006466 -0.0277093991265815 -0.6428637391588
-0.00599999999999972 0.00879539638757016 0.00672415820359372 -0.745178732246589
-0.00699999999999984 -0.0112358977511273 -0.00848669191471246 -0.893360602026711
-0.00799999999999963 0.00544407770084249 -0.000362758947168686 -1.01412329363541
-0.00899999999999975 -0.00749766964120397 -0.0109658772838487 -1.14807511082412
-0.00999999999999954 -8.85711329763995e-05 0.0050715522456047 -1.26637932187049
-0.0109999999999997 -0.0118694738263364 -0.00811655324135698 -1.41612110665961
-0.0119999999999998 0.00338668049104965 -0.00699432352450592 -1.54065017012449
-0.0129999999999996 7.35143669325098e-05 -0.00468894742441025 -1.67812110140955
-0.0139999999999997 -0.0089551798332382 -0.00707426758000181 -1.81124519111741
-0.0149999999999998 0.00246974587517132 -0.00018813131244789 -1.93630910829037
-0.0159999999999996 -0.00482298627345991 -0.0112449261625923 -2.08588216906207
-0.0169999999999997 -0.00179217914480817 -0.00346247310779276 -2.22003274958199
-0.0179999999999998 -0.0139718176772458 -0.00518326518221356 -2.35793334264907
-0.0189999999999996 0.00184868715053251 -0.000445269094297674 -2.49476848649252
-0.0199999999999997 -0.002425766925336 -0.00859763321011576 -2.62642754710612
-0.0209999999999998 -0.000804955842617498 -0.00490078315013305 -2.7585053694464
-0.0219999999999996 -0.000587237759142547 -0.00480710060447723 -2.90245522223472
-0.0229999999999997 -0.0122059296187577 -0.000979868851706095 -3.03616642241437
-0.0239999999999995 -0.00912330219122116 -0.00169901443372741 -3.1620753488424
-0.0249999999999997 -0.00604963670534774 -0.00719542013227238 -3.31048521824626
-0.0259999999999998 -0.00166905986447904 -0.00233190632721155 -3.44181307928431
-0.0269999999999996 -0.0116363791491937 -0.000300505828781271 -3.57623721198572
-0.0279999999999997 -0.00695173793434116 -0.00178613942964051 -3.71225694098493
-0.0289999999999998 0.00184250111368903 -0.00823817640898244 -3.84065355195635
-0.0299999999999996 -0.00117349874480276 -0.00743087961049474 -3.97138673499193
-0.0309999999999997 -0.0131527521822346 -0.0004812693905085 -4.11034391602358
-0.0319999999999998 -0.00955980382467944 -0.000305321557072863 -4.24131868098787
-0.0329999999999996 -0.00426785857012005 -0.00976349825068237 -4.36966810197849
-0.0339999999999997 0.00424647941485005 -0.00253802600357901 -4.49866340822466
-0.0349999999999998 -0.0137912684623343 -0.0104605781535358 -4.62472445120228
-0.0359999999999996 -0.00167064916906095 -0.00339993822814044 -4.73837059308126
-0.0369999999999997 -0.00276605869885629 -0.00977677197969942 -4.86824842142887
-0.0379999999999997 -0.00254870754797699 -0.00146493555647751 -4.984140789711
-0.0389999999999997 -0.0121251507324805 -0.00426072805716903 -5.11639045571259
-0.0399999999999998 -0.0012690269051894 -0.00163875419712544 -5.22785367533298
-0.0409999999999996 -0.00321781768138393 -0.00779024484220095 -5.35597119278837
-0.0419999999999997 -0.00906090412022393 0.00215726362072939 -5.46585069714401
-0.0429999999999998 -0.0123553650593119 0.00443263859472011 -5.58276580072754
-0.0439999999999996 -0.000234594140116017 -0.00791525920039305 -5.69317625915858
-0.0449999999999997 0.000182656290044255 -0.0125769428183156 -5.80023382463381
-0.0459999999999998 -0.00963035900328836 -0.00907471244142583 -5.90975348712196
-0.0469999999999996 -0.000926926924876146 0.0081040514011133 -6.00930936881599
-0.0479999999999997 -0.0113302697017404 -0.0109372983144259 -6.12630947663164
-0.0489999999999998 0.00404345077729286 -0.0100292980881625 -6.20993415295214
-0.0499999999999996 -0.0128585595115242 -0.00702249660348621 -6.31907256957228
-0.0509999999999998 -0.0053118033416193 0.00436478832226364 -6.41200456877663
-0.0519999999999997 -0.00440850213631394 -0.00581879031808545 -6.51520927419739
-0.0529999999999997 -0.00940340216768477 -0.00948433120757797 -6.60420428974261
-0.0539999999999998 -0.00108797543137475 0.00145141571563177 -6.67959739105389
-0.0549999999999997 -0.00649633401293304 -0.0181428287231981 -6.78677395989951
-0.0559999999999997 -0.00563193472954513 0.00230290708708714 -6.85488474026036
-0.0569999999999998 -0.0111391658162998 -0.00458535878654865 -6.94374936539035
-0.0579999999999996 -0.000927070655227502 -0.0145267822771674 -7.03403824707274
-0.0589999999999997 0.00253525598100848 -0.0058222849082163 -7.09527965460329
-0.0599999999999998 -0.0199316147170338 -0.00551712798529971 -7.17138797311144
-0.0609999999999996 -0.00714249950361143 -0.00315464923732098 -7.24629768393955
-0.0619999999999997 -0.00408482650363127 -0.0124654052381835 -7.30931875442641
-0.0629999999999998 -0.0049402656523449 0.000954541177826917 -7.37392260679067
-0.0639999999999996 -0.00876793610895698 -0.00604530880299761 -7.44049084131765
-0.0649999999999998 0.000507479616633771 -0.01279037555226 -7.50847775629576
-0.0659999999999997 0.00215422315939523 -0.00970875172705415 -7.55357617691156
-0.0669999999999997 -0.0115362710582627 -0.0119731979289965 -7.6203148997493
-0.0679999999999998 -0.00283895765050371 0.00507433546179261 -7.66004264731509
-0.0689999999999996 -0.00687305354210253 -0.00974443644419719 -7.71321286597638
-0.0699999999999997 6.82291237786451e-05 -0.0143840912045824 -7.7653403159047
-0.0709999999999998 -9.94453382236203e-05 4.68984598283868e-05 -7.79908947119132
-0.0719999999999996 -0.0163234256007519 -0.00941154183111538 -7.84946065963905
-0.0729999999999997 -0.00651205151568432 -0.00096542082912381 -7.88569390044435
-0.0739999999999998 -0.0040509428703549 -0.00306259845484871 -7.92662358420856
-0.0749999999999996 -0.0156489512706502 -0.00945016661439801 -7.96416523346327
-0.0759999999999997 0.000787761555972172 -0.00481430675549058 -7.98243094885336
-0.0769999999999998 -0.00755248656761747 -0.0103166255264476 -8.00878168042631
-0.0779999999999996 -0.00646536813309296 -0.00317277844965648 -8.03984242727879
-0.0789999999999998 -0.0132890401668504 -0.00958482459682589 -8.06464214281857
-0.0799999999999997 -0.00580103227168108 -0.00127561380431351 -8.08353309129574
-0.0809999999999997 -0.00273035517147466 -0.00247510860005842 -8.10236445521056
-0.0819999999999998 -0.00841368634045986 -0.0160339612610697 -8.12108873650768
-0.0829999999999997 0.00111547825974677 -0.00539000995171409 -8.12821590293935
-0.0839999999999997 -0.0155280612628145 -0.00288268984977549 -8.13357320312447
-0.0849999999999998 -0.00154425292498787 0.000428190367915221 -8.1494082064357
-0.0859999999999996 0.000616252053143517 -0.00954318077022577 -8.15247087416376
-0.0869999999999997 -0.010880531430405 -0.00632146880226962 -8.15695555567215
-0.0879999999999998 -0.00016590692193823 -0.00584274371775346 -8.14030586352351
-0.0889999999999996 -0.0165364224009413 -0.00697071539526684 -8.14597864843003
-0.0899999999999997 -0.00744934230324658 -0.00230832923935176 -8.14843197069457
-0.0909999999999998 -0.00989693428488027 -0.0022168189402407 -8.15854820662918
-0.0919999999999996 -0.00421437491686165 -0.00453819597329831 -8.14243628624007
-0.0929999999999998 -0.00772428994316963 -0.0105224833093949 -8.13927873529082
-0.0939999999999997 0.00565209450963283 -0.00259295214028667 -8.12560591885975
-0.0949999999999997 -0.0127720076393626 -0.0129927829306499 -8.11063755957291
-0.0959999999999998 -0.00391259777566022 -0.00329370573344103 -8.08583611484512
-0.0969999999999997 -0.00537426361984195 -0.00854317162312413 -8.07430502056459
-0.0979999999999997 -0.00134063771107469 -0.00969274061873491 -8.05651766128317
-0.0989999999999998 -0.00189316249944381 0.00159410524228687 -8.04182352572444
-0.0999999999999996 -0.00848817684594509 -0.00574668933849587 -8.01710966566674
-0.101 -0.00235229440804677 -0.00311748848505903 -7.97508105185927
-0.102 -0.010069507661841 -0.00943498526642098 -7.97792362154709
-0.103 -0.0134367377066787 0.00309022917532962 -7.93671218926657
-0.104 -0.00556070265755973 -0.00188440014420766 -7.91551006382136
-0.105 -0.00341285382571828 -0.0188033581570169 -7.87122649421903
-0.106 0.00342473611957863 -0.00437105098030751 -7.85330154298226
-0.107 -0.0218280297405634 0.00374520825322311 -7.81529846344457
-0.108 -0.00913884613476553 -0.00501710453923039 -7.78306019495388
-0.109 0.00659895729919049 -0.00591143066375921 -7.74838145111064
-0.11 -0.012537245723709 -0.016549882196207 -7.71082876394643
-0.111 -0.00862805294572004 0.0134683541216102 -7.66193205909671
-0.112 -0.016928365754262 -0.0066437006645794 -7.62508424762018
-0.113 0.00125937864650368 -0.0124298716263299 -7.56442115901284
-0.114 -0.00485613056979595 -0.0111362227944682 -7.52747672945017
-0.115 -0.00505534547172131 0.00456388232939747 -7.45369046882876
-0.116 -0.0136788090821498 -0.0154816461042489 -7.41563946515261
-0.117 -0.00356525136508914 0.00110620530249852 -7.34711405245017
-0.118 -0.004844384893599 -0.00270767704593574 -7.28610709693895
-0.119 -0.0156238684298527 -0.0126440691550688 -7.21304304542478
-0.12 0.00937852422209396 -0.00885490345722476 -7.10598377801737
-0.121 -0.0246574350403283 -0.0111819643364407 -7.0524801639417
-0.122 -0.00975049162488991 -0.00390369752112725 -6.91768608417981
-0.123 -0.013193745787898 -0.0129571574190602 -6.81603701292757
-0.124 -0.004623538030837 -0.0212743695914601 -6.70473400545146
-0.125 -0.00825566903611252 -0.0164943689953462 -6.59255090833221
-0.126 -0.0228519206592749 -0.00699721716785864 -6.45539504767135
-0.127 -0.021205129398698 -0.0123617882416104 -6.28818945160787
-0.128 -0.0271072595716385 -0.0373391451898486 -6.10668853187059
-0.129 0.00128057904303333 -0.037020617504041 -5.81866732359973
-0.13 -0.0371385891816407 -0.0391138387306588 -5.60338620914635
-0.131 -0.0306873816860841 -0.0237085316825736 -5.28722468953807
-0.132 -0.0435239485195582 -0.00555151170890364 -4.95107546723939
-0.133 -0.0363743201025391 -0.0298456987989824 -4.67646118623357
-0.134 0.0168530923616098 -0.0255226181290444 -4.40468148412504
-0.135 -0.0304793846287693 -0.0429482884447691 -4.17801414588201
-0.136 -0.00137254204417062 -0.00508353521896163 -3.96747567026112
-0.137 -0.0336678450331566 -0.0190210075575027 -3.81761875499686
-0.138 -0.0226797717732264 -0.0197680315208883 -3.69614052640027
-0.139 0.00654525455961528 -0.0264379147791771 -3.56770884979174
-0.14 0.00097847333296922 -0.0109867200554311 -3.44405901416901
-0.141 -0.0203887579700619 0.00810761771432821 -3.40042830903076
-0.142 0.00219324002016874 -0.0267043192013863 -3.39909845235438
-0.143 0.00899499948526214 -0.0273021727430753 -3.40845891625951
-0.144 -0.0288356918469643 0.00826505281288725 -3.45510336932436
-0.145 -0.0289106643235269 -0.0115835750706689 -3.46791772318763
-0.146 0.018562303458853 -0.00644230143562468 -3.44265366858453
-0.147 -0.015298021846762 -0.0326161010812661 -3.44599484621237
-0.148 -0.0112405209923199 0.0109675266783279 -3.44573207827116
-0.149 -0.011679164551681 0.00473744431021281 -3.48189968200591
-0.15 -0.0256170869767495 -0.00230347142064103 -3.52162615367977
-0.151 0.0150878504310135 -0.0254311767902267 -3.52221875788113
-0.152 -0.0120606940721722 -0.0273464666554605 -3.5194883192511
-0.153 -0.025793459628319 0.018240157446173 -3.44791865418689
-0.154 -0.000285155864881612 -0.017812606044441 -3.40638055493138
-0.155 -0.0306864907500903 -0.01996672848959 -3.33442017645054
-0.156 0.0200073135769737 -0.0140060706766797 -3.22719335779307
-0.157 -0.0232432278807083 -0.0468705261163022 -3.1794672835751
-0.158 -0.00540015188665665 0.0325586062798357 -3.10438297030571
-0.159 -0.0128479833476391 -0.0525709613254977 -3.10967682534852
-0.16 0.0123810759340176 0.0177164309391876 -3.01609846522287
-0.161 -0.0327004445796517 -0.0221563256677435 -2.96581163976682
-0.162 -0.0099628157865072 0.0168459572914063 -2.88728376068857
-0.163 -0.0186851932930976 -0.00931377436117776 -2.89974352371803
-0.164 0.0364338107735779 -0.0493231756161675 -2.93572136397073
-0.165 -0.0161271908749407 -0.0102967267628662 -2.95650744993502
-0.166 -0.0369934425233101 0.0106466235774088 -2.89508586378414
-0.167 0.0172972639857842 -0.00572533199998399 -2.87844553388647
-0.168 -0.000741304257867984 -0.0442626725229132 -2.90963756694872
-0.169 -0.000134087590767479 0.0146738447558889 -2.8753838638723
-0.17 -0.0268450379128209 -0.0303193073860095 -2.89475105859305
-0.171 0.0331990823087241 -0.0103922931083063 -2.8935133252819
-0.172 -0.0377214846691621 0.00883344832614856 -2.93429710169606
-0.173 -0.00771764075577384 -0.00843160908035435 -2.97722739605041
-0.174 -0.0055415607722066 -0.0208079864606658 -2.96526021244023
-0.175 0.000803774857548095 -0.0333610560383171 -2.92494546742084
-0.176 0.000565749312187502 -0.0187879449891307 -2.89731170985498
-0.177 -0.0131126999919461 -0.0070283602337188 -2.87391157672544
-0.178 0.0031448365954752 -0.00558679299913376 -2.87149372331872
-0.179 -0.00780875752956455 -0.00801113629673057 -2.86332287682555
-0.18 -0.00358522515327601 0.00766099745577104 -2.88070515436829
-0.181 -0.00223597776257393 -0.0333053285054544 -2.92897671963375
-0.182 -0.00539636193126491 0.0233584604240244 -2.9586492029874
-0.183 -0.0370981466964352 -0.00491900911641229 -2.97990621643405
-0.184 0.00135687442092781 -0.0227842371252231 -2.93662321655104
-0.185 -0.0164248150077408 -7.84472414693651e-05 -2.96701838603763
-0.186 -0.00529963827317222 -0.00293659690837115 -2.95467099155232
-0.187 0.0167683392300451 -0.0211281081616257 -2.97281326313085
-0.188 -0.0203344777853758 -0.0153174456391521 -2.91267232632357
-0.189 -0.0187012057117509 0.000623534733513943 -2.88691455470306
-0.19 0.0133827884571996 -0.0131410646263956 -2.8899834147932
-0.191 -0.000569517787463925 -0.0177621290594497 -2.88022280723897
-0.192 -0.031492786713243 1.99592428401245e-06 -2.87225422114964
-0.193 0.0178106788078012 -0.0219673745025678 -2.91016851301601
-0.194 -0.00393440529294256 -0.0298753108465376 -2.87858174861068
-0.195 0.00966586251388728 0.00140651033206872 -2.88946752991078
-0.196 -0.0306716968795504 -0.0162685694044499 -2.93908328989864
-0.197 0.0127153201151033 0.0169536662194105 -2.93839330876208
-0.198 -0.00580711679976414 -0.0180917336396398 -2.99563275774494
-0.199 -0.0243708938073572 0.00854938845259681 -2.99455120688666
-0.2 -0.0093147658320187 -0.0118836558131612 -2.93586812372095
