# Fix print output for fix def1
-0.00099999999999947 -0.00398672941302306 -0.00644330171679408 -0.0973061652093244
-0.00199999999999942 -0.000894238492435063 0.001105604102656 -0.193710554776289
-0.00299999999999938 0.00230693527703007 0.000679842966380631 -0.285077846503124
-0.00399999999999949 0.00579616245254416 -0.00427020495592849 -0.352697794261817
-0.00499999999999945 0.00255498655764591 -0.000911205084253452 -0.430443108153781
-0.0059999999999994 -0.00565978697426146 0.00681581949906761 -0.487745081337642
-0.00699999999999952 -0.00552145362091116 -0.00538121367968369 -0.537233658179875
-0.00799999999999947 0.0189927742546146 -0.00652565608981795 -0.571825137643535
-0.00899999999999943 -0.0114263476946373 -0.00376390747455282 -0.62819690167751
-0.00999999999999938 0.0130201768260297 0.0230816123325434 -0.63015995811688
-0.0109999999999995 -0.0214021830892959 -0.0211305372306197 -0.68698012897004
-0.0119999999999994 0.022983125436765 0.0143375970637802 -0.64962248599135
-0.0129999999999994 -0.0149122581556547 -0.00919877265825084 -0.668608184692227
-0.0139999999999995 0.0116359293724505 0.0156364323616353 -0.620060871561049
-0.0149999999999995 -0.00573748368295289 -0.00402218094907283 -0.603146512264835
-0.0159999999999994 0.0214236523073453 0.0129419940728822 -0.517568851772839
-0.0169999999999994 0.000440615958553557 -0.0220750368672366 -0.470533564142915
-0.0179999999999995 -0.000705626618785206 0.0225126318209644 -0.380643698837376
-0.0189999999999994 -0.0087771864339169 0.00366034699906629 -0.303187920178318
-0.0199999999999994 0.00757419609036196 -0.0048346559564511 -0.187037929835753
-0.0209999999999995 0.0146256997852393 0.0118869653931469 -0.0316219802502442
-0.0219999999999995 -0.0108576393338548 0.0109655406757921 0.105676115724997
-0.0229999999999994 0.00589424432272585 0.0016605585136989 0.261428609276924
-0.0239999999999994 0.00955153508787596 -0.0115786948817315 0.401912853346109
-0.0249999999999995 -0.00215359616101441 -0.00749392152720852 0.539847973541662
-0.0259999999999995 0.00400720102346376 0.0158583078055822 0.671821647990102
-0.0269999999999994 -0.0114289449116327 0.00541957334566567 0.798459355726184
-0.0279999999999995 0.00979270331496353 -0.00422602839828939 0.937731094997093
-0.0289999999999995 0.0121927994950548 0.00173477209875004 1.08332678106946
-0.0299999999999994 0.0045423587285096 0.0111368279064604 1.1965235239839
-0.0309999999999994 -0.0121379928554449 -0.00297922035697535 1.28858375968362
-0.0319999999999995 0.0156614435530199 -0.0026029038441275 1.37917115487531
-0.0329999999999995 -0.0213068597655768 -0.0128253026401641 1.40095870429587
-0.0339999999999994 0.0283371749951659 0.0280840384094336 1.43806420299125
-0.0349999999999995 -0.0306996962505203 -0.0250297023742433 1.40313510542999
-0.0359999999999995 0.0131413234155453 0.021889956908702 1.41168953762987
-0.0369999999999994 -0.0276458891851384 -0.0369416218996185 1.3532592123707
-0.0379999999999995 0.012708001786836 -0.00640763930997756 1.33569124925968
-0.0389999999999995 -0.0262665961066131 -0.0076528664959925 1.22366422605376
-0.0399999999999995 0.00107779198744737 0.00565893668405674 1.11660548829165
-0.0409999999999994 0.0104560499952769 -0.000205364123694998 0.992896865828119
-0.0419999999999995 -0.00649933896736646 -0.0123253186962383 0.858423419191866
-0.0429999999999995 0.00557227216810453 0.00870800983001038 0.771923134795819
-0.0439999999999994 -0.0224131355072798 -0.0122234960210881 0.639224870424932
-0.0449999999999995 0.0177215489301769 -0.00215525088941093 0.518573547176965
-0.0459999999999995 -0.0107542724602455 -0.0335584230194819 0.357509662582911
-0.0469999999999995 -0.00901364312234239 0.01882066649642 0.23896584815639
-0.0479999999999994 -0.00819534582064261 -0.00304574721894981 0.0935783796553973
-0.0489999999999995 0.0107145360914594 -0.0113821560517157 -0.0338903985155078
-0.0499999999999995 0.00219830827675245 0.0015751110933464 -0.12490519520935
-0.0509999999999994 -0.00777898734777227 0.0242992708153988 -0.160911006397419
-0.0519999999999995 -0.000404043171333743 0.00349369092160872 -0.170382353045548
-0.0529999999999995 0.0230719721607168 -0.00475118438943452 -0.163011089203185
-0.0539999999999995 -0.00754579538312328 -0.0101136569800572 -0.160541844616577
-0.0549999999999994 0.00293539679735191 0.0202823226525655 -0.102402667323847
-0.0559999999999995 -0.0111953868144485 -0.00380245300108155 -0.0631288551875206
-0.0569999999999995 0.0122907489749116 0.000483076996478757 -0.0127658658823009
-0.0579999999999994 -0.00931369602401745 -0.000700603110292267 0.0199275055851966
-0.0589999999999995 -0.00732353934689688 0.0187451205233075 0.0454279031766371
-0.0599999999999995 0.00364895831792141 -0.0103589807859149 0.0379030145477804
-0.0609999999999995 -0.00166172253870586 -0.0251734205954872 0.0462455693305554
-0.0619999999999994 -0.00343016897674896 0.0170297383746555 0.0323696481824471
-0.0629999999999995 -0.0246858887803458 -0.00371344439970406 -0.0174354157609475
-0.0639999999999995 0.0226976114678081 0.00388876894877378 -0.0703296610775256
-0.0649999999999994 -0.0200916535635112 -0.0313923476476711 -0.190972941200352
-0.0659999999999995 0.00243704263995706 0.0174396645422514 -0.31101154803147
-0.0669999999999995 -0.0295153391757764 -0.0192027005161593 -0.462683265805896
-0.0679999999999994 0.0130879458988777 0.00100585927681324 -0.596807433664785
-0.0689999999999994 0.00178344748987364 -0.0202139930018956 -0.759456063712383
-0.0699999999999995 0.00022783988390125 0.00642686943965479 -0.890924157727212
-0.0709999999999995 -0.0153349959237845 -0.0108555003644436 -1.03462219466787
-0.0719999999999994 0.00333307132010135 0.00532437194752326 -1.13912549142218
-0.0729999999999996 -0.00702447385437873 -0.0135428738600542 -1.26739307172261
-0.0739999999999995 0.00469947823509949 -0.0166662368719281 -1.38339883867594
-0.0749999999999995 -0.0143763713546801 -0.00516920801363793 -1.49347132221065
-0.0759999999999994 -0.00437932284837763 0.00748392907041144 -1.60913032090904
-0.0769999999999995 0.0042406064916707 -0.00684596257471324 -1.70213768467556
-0.0779999999999995 -0.00445938526327855 0.000118832055968146 -1.74068994301566
-0.0789999999999994 0.00287206312623135 -0.00191139151110486 -1.7785493153786
-0.0799999999999995 -0.0180077054868374 -0.0204151965037147 -1.82252396400912
-0.0809999999999995 0.00302706791175891 -0.00464903290300962 -1.8723167123234
-0.0819999999999995 -0.00697338555455035 -0.0119492126175394 -1.96915660956697
-0.0829999999999994 -0.00977863050577232 0.0186872323944147 -2.05940037175095
-0.0839999999999995 -0.0255663842968366 -0.021406732837225 -2.19485712425207
-0.0849999999999995 0.0265042799230884 0.000297124811601168 -2.31515279898208
-0.0859999999999994 -0.0144111346418483 -0.0157942081801197 -2.4956556482983
-0.0869999999999995 -0.0105484704015158 0.00127390118213411 -2.64166983880192
-0.0879999999999995 -0.0195831664958954 0.000673285456931102 -2.78064967906191
-0.0889999999999995 0.000599873584104357 0.00276413231513716 -2.8992388432416
-0.0899999999999996 -0.00584576880454577 -0.022089907110286 -3.00947735664159
-0.0909999999999995 -0.00551949108544629 -0.00569171561001113 -3.09756134083419
-0.0919999999999995 -0.0012458861612496 0.000437977728527876 -3.19699216641884
-0.0929999999999996 -0.0144409143433018 -0.0186932605853041 -3.28206566063464
-0.0939999999999996 0.0076326556719406 -0.0081085475301294 -3.32258274102433
-0.0949999999999995 -0.0044409236795407 -0.0104108463297522 -3.37629142053326
-0.0959999999999995 0.0137297964447168 -0.00202021248156544 -3.41150187834367
-0.0969999999999996 -0.0226862879011923 -0.012956760693534 -3.48053107596948
-0.0979999999999995 0.00571360800686712 0.0122625273650458 -3.50051610658139
-0.0989999999999995 -0.00591057197434306 -0.0262987880135036 -3.58112367146848
-0.0999999999999994 -0.000846536838233783 -0.00882184563812288 -3.61591937085682
-0.101 0.0116463712988441 -0.0130684521833825 -3.66418263643382
-0.102 -0.0324060770799914 -0.00827698347974183 -3.73739166519012
-0.102999999999999 -0.00204003397915745 0.0190140885973168 -3.78149107025854
-0.104 -0.0174620826154612 -0.0215243097521756 -3.89309991085229
-0.105 0.0116653224651317 -0.00535303918016386 -3.95029490511944
-0.105999999999999 0.00216412940369693 -0.0108991629547431 -4.06166387933508
-0.107 -0.0125318673577478 -0.0123435236716428 -4.1597112099951
-0.108 -0.0109379383705912 0.0189982517525821 -4.24089208276666
-0.109 -0.0063346262546475 -0.0180368971327552 -4.31812217167459
-0.109999999999999 0.00873518734136805 -0.0245607786849417 -4.36575440187331
-0.111 -0.00186070763230064 0.00238174018823299 -4.39505531760827
-0.112 -0.0171922907702842 -0.0160531097245707 -4.41703268349667
-0.112999999999999 0.00699499566009216 -0.000660933755867431 -4.44424729075042
-0.113999999999999 -0.00369389941219855 -0.0254222219567562 -4.45733297360286
-0.115 0.0107433877178772 -0.0121161574081159 -4.45876276347583
-0.116 -0.0187873494734583 -0.00660582196109352 -4.4727473570386
-0.116999999999999 0.0113501158622447 -0.0253993093499371 -4.47374647418392
-0.118 0.0139326684543748 -0.0174577055387744 -4.4796979238057
-0.119 -0.0214379952306771 -0.0297133235009074 -4.49550831947327
-0.119999999999999 0.00185622217909967 0.00220317862718174 -4.45954520546951
-0.121 -0.00402732639499459 -0.0366447961844715 -4.49381830462603
-0.122 0.00275657484424834 -0.0187889194094623 -4.4614071237398
-0.123 -0.0166694670583042 -0.0161511056989217 -4.4599934165169
-0.123999999999999 -0.00265912418607883 -0.0047358678054107 -4.4245963816605
-0.125 0.0127815411112139 -0.0108126643234976 -4.38558658186099
-0.126 -0.0151540107993884 -0.0238842042145173 -4.3571608963443
-0.126999999999999 0.00277646645977781 -0.00452672423966874 -4.33710754458424
-0.128 -0.00230435730376235 -0.0353705006261158 -4.3263777409244
-0.129 0.00389082594143393 -0.00729755715204061 -4.26729177571138
-0.13 -0.011150134565933 -0.0108175129169826 -4.22367341227545
-0.130999999999999 -0.00338789344843471 -0.0261201801365028 -4.17309040648036
-0.132 -0.00615647980513679 -0.0258296260421481 -4.13251920469233
-0.133 0.0122238055213084 -0.00814132002823832 -4.05811835285226
-0.133999999999999 -0.0176572212094046 -0.027557728767402 -4.02396097297132
-0.135 0.0208211527827028 -0.00676959428371244 -3.98904984576142
-0.136 -0.0188684709417527 -0.0239664543547898 -4.00182872434317
-0.137 0.0201929916669478 -0.00995657573378542 -3.96038728396777
-0.137999999999999 -0.0151750323163007 -0.0381099456531024 -3.97136122316902
-0.139 -0.00611968036634369 0.00839042809197047 -3.9388995609595
-0.14 0.0036596930619277 -0.0235753524901607 -3.927488677241
-0.140999999999999 -0.0141349265600704 -0.0146604222678455 -3.92951715906865
-0.142 0.0144407792717402 -0.0104021720291923 -3.90042733503049
-0.143 -0.0386158336724437 -0.0213579505779074 -3.89164739371174
-0.144 0.0167521674012893 0.00729928480972787 -3.82990504434486
-0.144999999999999 -0.0211486504865968 -0.0431524500429259 -3.88399715284125
-0.146 0.0172515755122155 0.000915371093240547 -3.89264007468429
-0.147 -0.00110359508551587 -0.0285633603873496 -3.91643048458527
-0.147999999999999 0.000518160224805288 -0.0221457565902366 -3.94966631113732
-0.149 0.00386119670000186 -0.0176976521809442 -3.98433494640863
-0.15 -0.00418826359420556 -0.0315121905956937 -4.0094083263082
-0.151 0.00169388434337961 -0.00821882766588535 -4.0328790670024
-0.151999999999999 -0.0180022085486858 -0.0145381244756434 -4.10239124321997
-0.153 0.0354487377405288 -0.0206882378701173 -4.11858585934689
-0.154 -0.0213650384296043 -0.0255100941992605 -4.2070982913406
-0.154999999999999 0.0223977418711283 -0.00861984524086281 -4.18629237107294
-0.156 -0.00577270120357486 -0.0234586923228581 -4.21027642411059
-0.157 0.00427792329713828 -0.0193263012762837 -4.18913405309583
-0.158 0.0118464701447575 -0.0300515284583149 -4.18860843812489
-0.159 -0.000941359791515293 -0.0270205467734417 -4.2063392181053
-0.16 0.0132382935496631 -0.00209170411543975 -4.21252678124712
-0.161 -0.0187402833774809 -0.0189159642354026 -4.22179673326561
-0.162 0.0073991078723318 -0.00824199362272155 -4.23427921247021
-0.163 0.0130531434481569 -0.0413193223959327 -4.27254059662727
-0.164 -0.000460302293440724 -0.0185882033777746 -4.27947024629702
-0.165 -0.0171647736118536 0.00688879685632224 -4.27962304614745
-0.165999999999999 0.00171214560709478 -0.0402796429293861 -4.29502649260093
-0.167 0.0306574002795147 -0.0400137218887253 -4.30837004174401
-0.168 -0.0139728414237864 -0.017132329501578 -4.30925441920188
-0.168999999999999 -0.0352638385623205 -0.00271106383492143 -4.33523742507108
-0.17 0.00113668582778285 -0.00926907219093782 -4.37437216272032
-0.171 0.0105296884551813 -0.0331718480749702 -4.41133492447914
-0.172 0.00338471567652221 -0.00897507872608012 -4.43623721867876
-0.173 -0.0233828555578662 -0.0177426761854688 -4.4843824577161
-0.174 0.021894290488317 0.00350769914453762 -4.46814273308554
-0.175 -0.0293471583764537 -0.0166346991931417 -4.55942165248733
-0.176 -0.00113856595709846 0.000294440631590247 -4.56586200629129
-0.177 -0.0118591247602188 -0.0300023243681981 -4.63367254809409
-0.178 0.0122357370906002 -0.013012294083232 -4.66335418736964
-0.179 0.00810162109818646 -0.0148441080651332 -4.69709351236333
-0.18 -0.0117804766060788 -0.016721462849242 -4.6950792970143
-0.181 0.0092927326432908 -0.0145705230620196 -4.68076753372262
-0.182 0.00230681502741781 -0.0393238527065001 -4.72907209223229
-0.182999999999999 -0.00976476206022998 0.00817562706643154 -4.73007366621288
-0.184 -0.00115804419448578 -0.00803820007056098 -4.74270534948163
-0.185 -0.00894366479312721 -0.0193541472902005 -4.76748060017882
-0.186 0.0114789359486724 -0.0106054852575004 -4.79169195492766
-0.187 -0.00794841684445767 -0.0394014967055244 -4.88070434810537
-0.188 -0.00946277635017224 0.0234957734945692 -4.84166581158881
-0.189 -0.0102583387113452 0.00596797554845184 -4.87264489213942
-0.19 -0.0114949204605963 -0.0329392674264041 -4.87469271732741
-0.191 0.0234489891545635 -0.00925499143945517 -4.86497348091898
-0.192 -0.0304355620043771 -0.012851393163198 -4.90341047313143
-0.193 -0.00885777146097226 0.00751346304940133 -4.85926075368018
-0.194 0.010775407952619 -0.0330636578589667 -4.85825538633193
-0.195 -0.00442993499158851 -0.0232998139129498 -4.84549735200206
-0.196 -0.0152875917966065 0.00908657173760116 -4.81505104828192
-0.196999999999999 -0.0142526143471919 -0.0270541058207198 -4.80715458510069
-0.198 0.0164648923817053 -0.0130379974028442 -4.77611037503948
-0.199 -0.00126801850642711 -0.0375242289330719 -4.79409707672452
-0.2 -0.0104865368661527 -0.00597268591060035 -4.77776709385314
