# Fix print output for fix def1
0.00500000000000001 0.0119620438558382 0.00724785973650443 0.59868644613222
0.0100000000000002 0.0131191442087073 0.00952364264458385 1.15422549928379
0.015 0.00523037042214796 0.00951244337733016 1.66009937517549
0.0200000000000002 -0.000735889001383501 -0.000131612191557153 2.11258136811049
0.025 0.00999958248243865 0.0117610889348287 2.54529761914465
0.0300000000000002 0.00282247673149653 -0.00247228450805782 2.91783519858833
0.0350000000000001 0.00797147094142671 0.00505040905614593 3.26533766825629
0.0400000000000002 -0.00479587179097563 -7.01100605871237e-05 3.57556498369949
0.0450000000000001 0.012571014133878 0.00552968234693802 3.88109070337556
0.0500000000000003 0.00221228570046699 -0.00193805849487763 4.16290795827895
0.0550000000000001 0.00810132123380749 0.000756078396177728 4.44838925158507
0.0600000000000003 -0.000346014764635234 -0.00774220758787186 4.73270601813748
0.0650000000000001 0.010863531664423 0.00781719026617648 5.02836274232208
0.0700000000000003 0.00024012785271705 0.00423062086494228 5.33838387545175
0.0750000000000001 -0.006292432221775 -0.00123722293427137 5.6581103246426
0.0800000000000003 -0.00185562306744887 -0.0145617510116209 5.99720393274292
0.0850000000000001 -0.00785799634357931 -0.0103576321268843 6.3294378636202
0.0900000000000003 0.00828507159410041 0.0155393166829734 6.69163964753482
0.0950000000000002 0.00470360781460353 0.00740735034221802 7.05256077542227
0.1 0.00097071373936986 -0.00213977620825434 7.41665741875432
0.105 0.0053510601413646 -0.000685057815363173 7.78491944718189
0.11 0.0154483748513014 0.00726184893387283 8.17340705943097
0.115 -0.0016902922437018 -0.00262367488381647 8.55002828991057
0.12 -0.00648863029052033 0.00614152708670869 8.96323324237584
0.125 -0.00730287021434816 -0.00566451645403785 9.38033777046646
0.13 0.0179712275577067 0.015889331782918 9.82914636855303
0.135 -0.0022367341966161 -0.00324206281784632 10.2962744270285
0.14 -0.000836162337689043 -0.0066501347668439 10.7748074752166
0.145 0.0185663498836323 0.026675444751405 11.3068331860747
0.15 -0.0298408175535123 -0.0236728750126162 11.8240925236077
0.155 0.0041999577773156 -0.00136443334971779 12.4049243947778
0.16 -0.00363045170290389 -0.0148630629414255 13.0029665245463
0.165 -0.00536953684606344 -0.000706532080403712 13.6283389437161
0.17 -0.0018656776477032 -0.010255899831933 14.2604495599777
0.175 0.0153972107448832 0.020675913223501 14.9550562424981
0.18 0.0319248552926237 0.0152349038418216 15.641723423959
0.185 0.0146978381086874 -0.0018706439965558 16.3432789067023
0.19 0.0094412042598276 0.00235420557553696 17.0677585292374
0.195 0.0132620121700034 0.0175140801054661 17.8103967318442
0.2 0.0173049460981977 0.0102445466111388 18.5638522453926
0.205 0.0108609501249282 -0.00403794989737268 19.3208337335251
0.21 -0.00612048655427546 -0.0135740620623346 20.0597791718395
0.215 -0.00701563770284883 -0.00630312875628166 20.8067279924035
0.22 0.0230513295047073 0.0166171200021656 21.547892142031
0.225 0.000817699735496571 0.00304965397519622 22.2431897643881
0.23 0.00136156893877973 -0.00730045885999282 22.9645900586423
0.235 0.0174278939334777 0.00755664491826331 23.6231225376773
0.24 0.0130594679272616 0.0151256533521466 24.2278514919321
0.245 -0.00550287470917371 -0.000242232217573129 24.7431414248488
0.25 -0.0287976039758624 0.00813469167728611 24.6799413866682
0.255 0.0847194514708994 0.046124970660889 19.0576112408703
0.26 0.1223883031438 0.106234363326086 7.42711967185035
0.265 0.0147629670047883 0.0305033261553871 3.61041098717006
0.27 0.0482283305965134 -0.0061648904136368 2.54329029650122
0.275 0.0414731698635988 0.044995773940275 2.22388584691262
0.28 -0.0543064945668698 -0.0637284291643638 2.15376342509886
0.285 0.0102284629450942 0.0354244577302756 2.25970562505994
0.29 -0.0619134465269062 0.00719973868283158 2.2303260985247
0.295 -0.0139870285250972 -0.0445449538926807 2.33553842908789
0.3 0.0761035325205276 0.0613508752213981 2.38236494655092
0.305 0.0991389385373892 0.025030021331654 2.41718571712965
0.31 0.0223789564507237 -0.000702833230500694 2.37848741466032
0.315 -0.028594152981837 0.00481971484362661 2.35337946659298
0.32 0.00536097766786314 0.0241123224338904 2.4612223266631
0.325 -0.0186200074863945 0.0318626528849772 2.5684227764535
0.33 0.0139709468588217 -0.0316072288333441 2.5973148360368
0.335 0.00820875745641965 0.0185298528904527 2.57067529109714
0.34 -0.0230173155466157 -0.0438256200038509 2.62514220009126
0.345 0.0474595147505517 0.0358886175019529 2.70959496567933
0.35 0.00970166498225053 0.0290915849754165 2.79998160577144
0.355 0.0680170744482364 0.000591855490708791 2.88905602435074
0.36 -0.0271369929291833 0.0129346779670308 2.87289946222827
0.365 -0.0131217001635652 0.00296110183109484 2.92452224809399
0.37 0.0301111036203768 -0.00656279758544421 2.97850109564972
0.375 0.0141554810456263 0.00661541669191592 3.07288551596155
0.38 0.0319748376156483 0.0107650694914099 3.05170054733572
0.385 -0.048815156607818 0.0361739804501207 2.97292433340962
0.39 0.0140658013146284 0.00333324410189259 2.92944429275537
0.395 0.018715182378724 0.0153271807855782 2.93225976181012
0.4 0.00403599049455918 0.00445511763131383 3.00632137522394
