# Fix print output for fix def1
-0.00499999999999953 -0.0250346349800494 -0.0191739489118924 -0.48012597983231
-0.00999999999999954 -0.0162741976012895 -0.0189143187226305 -0.635930996314499
-0.0149999999999995 0.0260426283894918 0.023124415956497 -0.474185960313803
-0.0199999999999996 0.013645172722827 0.0124196275884509 -0.0361209147362015
-0.0249999999999996 -0.0170286490351792 -0.0254270533577044 0.624895293410819
-0.0299999999999996 0.0245836236591386 0.0268822589799111 1.3008989441799
-0.0349999999999996 -0.00706786787877168 -0.00582670263451975 1.4710843499387
-0.0399999999999996 0.00186294392058869 0.00437310528326916 1.13641696281503
-0.0449999999999996 -0.0126413709827717 0.0117516680436291 0.614136214041772
-0.0499999999999996 0.00422374380716321 0.0170182797263248 -0.0210456555263595
-0.0549999999999996 -0.0125995587518837 -0.00636391399445274 -0.116828860848771
-0.0599999999999996 0.019590277017532 -0.00298527291838585 -0.0268205817965059
-0.0649999999999997 -0.00706940094689982 -0.00254597746856008 -0.255417592665482
-0.0699999999999997 0.00162740532275226 0.011332749810788 -0.870149700564788
-0.0749999999999997 -0.0157235492849725 -0.00754151166590733 -1.47164021265001
-0.0799999999999997 -0.00138704871342212 0.019375953494275 -1.85071022718947
-0.0849999999999997 -0.0181502836711144 -0.00110253559621012 -2.38028571395199
-0.0899999999999997 -0.0054193401874973 -0.0181022276342757 -3.05289969534446
-0.0949999999999997 -0.00170742291196893 -0.00726893212653252 -3.43672664089155
-0.0999999999999996 -0.0244922277343862 -0.00459703151458602 -3.71970037984397
-0.105 -0.00554796671006377 -0.00302323172643003 -3.94239444244608
-0.11 -0.00701275323557321 -0.00147916454693422 -4.28151128500015
-0.115 -0.00180725296303908 0.00203937583229596 -4.34830126889236
-0.12 -0.0121312188575638 -0.022373179833834 -4.47060833716245
-0.125 0.00239061416818883 0.00345254001873931 -4.5039219842715
-0.13 0.0116460246147301 -0.0185945550339294 -4.4605958242322
-0.135 0.00126333895544604 -0.000831017752690394 -4.32061084257244
-0.14 0.00833405229154292 -0.0295979847180778 -4.13363894086408
-0.145 0.0188847574618949 -0.0194448658454723 -4.0661748287742
-0.15 -0.00212572594775783 -0.0281144229752519 -4.02661973057547
-0.155 0.0112368764200174 -0.00331538159031916 -4.11603074086565
-0.16 -0.00105630096211539 -0.0286396025466615 -4.17171694933559
-0.165 -0.0108701055729864 -0.0183043737937404 -4.04270683184134
-0.17 0.0116280644058509 0.00333329735690835 -4.08267952578579
-0.175 -0.025968165188688 -0.00438140316988304 -4.26476945281752
-0.18 0.000425813174312409 -0.00356813528486893 -4.31476157484489
-0.185 -0.0162923771458392 -0.0128062361721656 -4.49090598456572
-0.19 0.0157794308665822 0.0116942377391239 -4.62829108122834
-0.195 -0.00184488057633083 -0.0426007957390566 -4.71845324231743
-0.2 -0.0128415212442025 -0.0412766452631914 -4.73304972668425
-0.205 -0.00985803076362993 -0.0178429375383729 -4.47116895363621
-0.21 -0.00406293184752875 0.0272846723030808 -4.19757045687285
-0.215 -0.0156598618642527 -0.00646578904161742 -4.0991428701586
-0.22 0.033057162866663 -0.0174234961620337 -4.06527526338346
-0.225 -0.0018584431847966 -0.0334929634417863 -4.14298850949151
-0.23 0.0178436100226047 -0.0121872990682145 -4.02322990129604
-0.235 -0.0241437054181225 -0.0277654208167658 -3.94778789148041
-0.24 0.00850098898843026 0.0140720642093335 -3.74755759562761
-0.245 0.0017119844823426 0.000999442751181127 -3.59811682892867
-0.25 -0.0183630599208449 -0.0283490099068619 -3.47012242382358
-0.255 -0.0137242202388581 -0.00916010388705387 -3.51441963322428
-0.26 0.00325215458241067 -0.000544933827594063 -3.71361622009382
-0.265 0.0336167149267813 -0.00129588344996911 -3.77054585433291
-0.27 -0.00572911895952848 -0.0143996156096589 -3.8825217340132
-0.275 -0.0314745389244931 -0.0266724517878867 -3.85347353113977
-0.28 0.007778293182102 0.0017228583593251 -3.91130826016192
-0.285 0.00378183219302795 -0.0512227597573335 -3.98282975988714
-0.29 -0.000448668460439568 0.00964430811327686 -4.01660113734608
-0.295 0.0245254594618818 -0.0202025374983704 -4.16254861747979
-0.3 0.00419751569374875 -0.0262849887677018 -4.24853617338376
-0.305 0.00940723378511257 -0.0387625584696716 -4.20856896989182
-0.31 -0.0245963128889414 0.0190231041024083 -4.20409082107988
-0.315 -0.00263040649700316 -0.0140357311318178 -3.9788599848838
-0.32 -0.0379845291274228 0.0113395461757708 -3.87178916598405
-0.325 -0.0105809221992242 -0.00889836423692358 -3.85820385150074
-0.33 -0.047329877802667 -0.0139871247766701 -3.81367316497471
-0.335 0.00951277581928812 -0.00327131259191744 -3.94246186618793
-0.34 -0.00633478956743498 -0.00503637488651572 -4.24145722083081
-0.345 -0.00518899203589377 -0.0570610882564296 -4.69818433887077
-0.35 -0.0169498176771564 -0.0273151831597338 -4.81408418297915
-0.355 -0.0527920457730969 -0.0339109847899299 -4.80980122110342
-0.36 -0.0144835926377095 -0.0225467139606599 -4.831645704831
-0.365 0.0347052551777506 -0.00437457794370532 -4.95845974895488
-0.37 -0.0392142543755355 0.0144882160360751 -4.98574624013508
-0.375 -0.0143004484383939 -0.0281490607509241 -4.84889778700423
-0.38 -0.0237415791585887 -0.00835952385599262 -4.76130331915454
-0.385 -0.0110061680856624 0.0292308156430982 -4.87652216226953
-0.39 0.0233934372006984 0.00757327166260044 -4.82716177666432
-0.395 -0.0437200737234704 -0.0312599606627708 -4.93953688571313
-0.4 -0.0182466452894063 0.0172005614338048 -5.09350191497951
