# Fix print output for fix def1
-0.00500000000000013 0.0463907867315362 0.0412927120278467 -0.169618360587236
-0.0100000000000001 -0.0258709260717804 -0.0205423266772231 -0.535012092214428
-0.0150000000000001 0.0105286783307798 0.0159571846852024 -0.456404802192447
-0.02 -0.0379713371181849 -0.0270994572970076 0.0123893736666259
-0.0250000000000002 0.0377092936996082 0.040011479237044 0.59227845626325
-0.0300000000000001 -0.0214006780563747 -0.0199927145244631 0.874705537758976
-0.0350000000000001 0.00588842336901313 0.0160633097512232 0.735018961218813
-0.0400000000000001 -0.0142435324653819 -0.0192854457353057 0.0632125394257926
-0.045 -0.0232452941031971 -0.0253894676278698 -0.726332654941715
-0.05 -3.9543167819943e-05 0.00382382889643011 -1.32077589236626
-0.0550000000000001 0.00160524959645193 -0.00449714815232431 -1.28741329175076
-0.0600000000000001 0.00169663485534716 0.000883261163506749 -1.02075688746811
-0.0650000000000001 0.0125490507052713 0.00499320983379345 -0.651894715443157
-0.07 0.0293653684950472 -0.000127079938880669 -0.678208312105055
-0.075 -0.0240207521334474 -0.0373469327574621 -1.04184802645924
-0.0800000000000002 0.0119258280190514 0.000411854511502249 -1.41606919762858
-0.0850000000000001 -0.0164356229247688 0.0209438794471018 -1.71180092163421
-0.0900000000000001 0.0133451166533243 -0.00512257912444062 -1.72260958346508
-0.0950000000000001 0.048932346410249 0.00333808210799434 -1.77905522957125
-0.1 -0.00477556183470498 -0.0205153693591315 -2.02325238411384
-0.105 -0.0136365923171793 -0.0101178831116344 -2.16920373945713
-0.11 0.0137376609912015 0.0045317117367037 -2.24541099403675
-0.115 -0.0190793882205646 -1.43377618642725e-05 -2.49777800862408
-0.12 -0.00945993521618557 -0.0179724143582122 -2.75693843220399
-0.125 8.35277775113395e-05 -0.0292313232488326 -3.03521367139715
-0.13 0.00377309480205062 -0.00764365412028863 -3.09840351504266
-0.135 -0.0140638665344533 -0.00747965322785312 -3.14016085557321
-0.14 -0.000966033934848914 -0.00531701473127142 -3.16205135448984
-0.145 0.00715068493111639 -0.0072125035523223 -3.18587918666396
-0.15 0.0161703287968958 -0.0393039461415429 -3.13383058149793
-0.155 0.00917251838333462 -0.018309887458287 -3.01720531119721
-0.16 0.0235523031035234 -0.0149262166978223 -2.9147727222507
-0.165 0.00677651793516089 0.00594675820408336 -2.91487121356027
-0.17 -0.00954658587515693 -0.00855508526164759 -3.05677167089732
-0.175 -0.00647937981222596 0.00515353238275363 -3.06446748159318
-0.18 -0.0172399459392845 -0.0158907518718935 -3.03044087370226
-0.185 -0.00969650881539097 -0.00978495837055295 -3.01886279526006
-0.19 -0.0100878800575388 0.0112972167648075 -3.03624474540179
-0.195 -0.00777487376630084 0.0102583333552265 -3.09647591055557
-0.2 -0.0103665951058142 -0.021048926386808 -3.22040721035054
-0.205 -0.00276072414313155 -0.00362763290813989 -3.39643181776147
-0.21 -0.0100075602985963 -0.0353298351159402 -3.46555999404452
-0.215 0.00736487645299857 0.00475209821148016 -3.45209425746234
-0.22 -0.0107974438650169 -0.0187848769739216 -3.5884027513967
-0.225 0.0104607271012418 -0.00706865716171664 -3.59839585601125
-0.23 0.0324546848935001 -0.0327877927333604 -3.60427302249361
-0.235 -0.00660080241982654 -0.0236396468342775 -3.60112787305259
-0.24 0.0285029969751477 -0.0530520965386394 -3.81123758389595
-0.245 -0.01030216143817 -0.015808813910538 -4.08216039811049
-0.25 0.0168664248843886 0.0124301667201354 -4.13676434428862
-0.255 -0.0147079422454879 -0.0181349110439882 -4.09308468594268
-0.26 -0.00261301545130517 -0.0163627852555156 -3.97733504123759
-0.265 -0.00896251147131013 -0.00736700265096164 -3.94692261132796
-0.27 0.0294609232644158 -0.000592208255729654 -4.02587695808379
-0.275 -0.0184714966286358 -0.0300635056430096 -4.06079040940541
-0.28 -0.00469405459900461 -0.0199242913023128 -4.14976629718586
-0.285 0.00157699939757258 0.0133069214155347 -4.10480749993345
-0.29 -0.00226693861064656 -0.00415175259261019 -4.11546388513095
-0.295 -0.00388789133172237 -0.000427143611080621 -4.11089926113733
-0.3 -0.0420807536296878 -0.0104392132155379 -4.03353355894912
-0.305 0.0258496965448625 -0.0340732393335494 -4.1498145779981
-0.31 0.00976838460662724 -0.0144683668004442 -3.99498323337593
-0.315 0.0129350452819711 -0.0341356420508728 -3.90373376246531
-0.32 -0.0419842799809219 -0.032823804368273 -3.89408928530781
-0.325 0.0194145683282398 -0.0357457002714387 -3.73305115286242
-0.33 -0.00905845877652728 -0.0260892914114215 -3.51968400988659
-0.335 -0.0127422147641628 -0.00700738625531229 -3.44310457650866
-0.34 -0.00126730402740463 -0.0139568054245575 -3.47109181670364
-0.345 -0.0218088443633954 -0.00507454864824347 -3.3697379534287
-0.35 -0.0336457763478569 -0.0240714279829263 -3.2986765878824
-0.355 -0.027271690604915 0.00174005880488613 -3.34419216910601
-0.36 0.0181177146238264 -0.0290031740760107 -3.41921047867646
-0.365 -0.0300568035778167 0.00563386720557228 -3.41156358962335
-0.37 0.0097454577258976 0.00323202808358983 -3.51435351297026
-0.375 -0.0298590006391265 -0.05085906444512 -3.660064114466
-0.38 -0.0191261982639816 0.00231074863019091 -3.60211549085899
-0.385 -0.0122377949360352 0.000371647348581513 -3.46928192165622
-0.39 -0.0400591172569331 -0.0184861667228388 -3.57014125478412
-0.395 -0.0194819403834235 -0.00680869816094265 -3.48789974671148
-0.4 0.0130310719212544 -0.0251180710840531 -3.53991282021013
