# Fix print output for fix def1
-0.00500000000000054 0.00632139883958413 -0.00162063596173992 -0.0723491556329573
-0.0100000000000003 0.0122233049670775 0.0151815805662784 -0.0975980180589031
-0.0150000000000004 -0.00761434998425906 -0.0146932203912412 -0.024665483774434
-0.0200000000000005 0.00530204974549614 0.00278428301288755 0.0821115082373475
-0.0250000000000003 0.0163639765179832 0.00332002687508395 0.197917472065706
-0.0300000000000004 0.00126751431399005 0.00509693302670198 0.173583478224408
-0.0350000000000005 -0.0286686613950343 -0.00704196969638756 0.136378205158215
-0.0400000000000003 0.00212607129736632 0.0252662089310028 -0.0418982604621481
-0.0450000000000004 0.0167154986025382 0.0227721188525034 0.0634039167426612
-0.0500000000000005 -0.00630593403030208 -0.0203709741541515 0.526712515317458
-0.0550000000000003 -0.0194520921451856 -0.0356495831863466 0.831984006805067
-0.0600000000000004 0.015048168899762 0.0266636647036168 0.787976389904253
-0.0650000000000005 -0.0185165669797306 -0.0190445968021975 0.170844276722028
-0.0700000000000003 0.0120876597951433 0.0033093936127664 0.145787068311467
-0.0750000000000004 0.0198287400227604 0.0281097549835818 0.700778465825446
-0.0800000000000005 -0.0282285789136365 -0.0173016938764845 0.976744395897702
-0.0850000000000002 0.00512423687135761 -0.0298543117065325 0.568922271798737
-0.0900000000000004 0.0181839790563374 -0.0054819080285573 -0.0626744690995056
-0.0950000000000004 -0.0194001380526986 -0.0106409412767484 -0.408734065203189
-0.1 -0.016409410886444 0.0118549794722174 -0.593715240629397
-0.105 0.00568245647488851 0.00231775941513956 -1.18325422478783
-0.11 -0.0324301681543094 -0.0458679007566321 -1.54364614432424
-0.115 0.0287636003967844 0.0186567321755189 -1.87563274218401
-0.12 -0.0370013650288147 -0.024689885289214 -2.32157062407013
-0.125 -0.0147015968535644 -0.0142859027217975 -2.68944380388154
-0.13 0.0192065082793974 0.0139611226104459 -2.91275379087216
-0.135 -0.0105429580676936 -0.0456546526101741 -3.21270968474075
-0.14 0.0308842995613985 0.000737049844116791 -3.38920907885795
-0.145 -0.0109760954280499 -0.0332603684380442 -3.41248101005212
-0.15 -0.00583715540041749 0.00585905203401518 -3.38836916830974
-0.155 -0.00323757207468447 0.0130707910734897 -3.53599488572487
-0.16 0.0048095782019045 0.0344877405947267 -3.62080950976002
-0.165 -0.0140246620138408 0.0105827311898777 -3.62836674078628
-0.17 -0.0115359475536643 0.00696724272391149 -3.67009100446104
-0.175 -0.044689959982001 0.00122084235133503 -3.68339819118901
-0.18 -0.0288897603892066 0.0136275862285362 -3.57642584962369
-0.185 -0.0206765684728321 -0.00541085961440947 -3.55970961764412
-0.19 -0.0370875529239562 -0.0439990416121475 -3.64565149320232
-0.195 -0.00555989412873243 -0.0464381111300438 -3.74263448550547
-0.2 0.000628000161641244 0.0161929905868335 -3.8588710815597
