# Fix print output for fix def1
-0.0010000000000002 0.0992009732568243 0.093088755537054 0.25755788256154
-0.00200000000000023 -0.0895077885335809 -0.0805808791999557 0.0238571392683754
-0.00300000000000026 0.0550526640722985 0.0679991883676072 0.034597681842229
-0.0040000000000003 -0.0476623243423211 -0.0544258721770032 -0.146893870263962
-0.00500000000000001 0.0308120904412892 0.024036451191164 -0.191158899597593
-0.00600000000000004 -0.0170831064747666 -0.0217202010284995 -0.306924148645414
-0.00700000000000008 0.000836368971241032 0.024341536593044 -0.366424654559876
-0.00800000000000011 -0.0178971202309627 -0.0234997293211912 -0.459688368399758
-0.00900000000000014 0.0229140473166496 0.0188284386245524 -0.470433767711976
-0.0100000000000002 -0.0153106995316462 -0.0208946007970874 -0.530852397990207
-0.0110000000000002 0.00737325020005761 0.0236622960241168 -0.528525344410361
-0.0120000000000002 -0.0111600280608415 -0.00295840493971763 -0.563667061629101
-0.0130000000000003 0.0138433009930006 0.0102044387308528 -0.535715598762439
-0.0140000000000003 -0.00995831852704284 -0.0197414219852477 -0.536583016519592
-0.015 0.0160207497386004 0.0166310147038138 -0.473338256438392
-0.0160000000000001 -0.00319602362173745 0.00376598741187703 -0.417993200011127
-0.0170000000000001 0.000762603021680625 -0.0103141289088087 -0.345833818576116
-0.0180000000000001 0.0189845041442553 0.007003847028026 -0.246660400607462
-0.0190000000000002 0.0157231316056146 0.00717914512940727 -0.13441543394746
-0.0200000000000002 -0.0216182779109568 -0.00446539156930141 -0.0255312352560477
-0.0210000000000002 0.0210850211737282 0.0289561978016348 0.117260716765236
-0.0220000000000003 -0.00405353381476591 -0.0277872153371388 0.214076516229206
-0.0230000000000003 0.015419794969025 0.0119606416669789 0.345069234081683
-0.024 -0.0102200001137514 -0.000105288509911663 0.431411128242382
-0.025 0.00622403359427647 -0.00338301181594186 0.522462295456162
-0.0260000000000001 0.00301307149546402 0.0023021887814214 0.592536520770252
-0.0270000000000001 -0.000630901529697168 -0.000854393585122596 0.665738857262156
-0.0280000000000001 0.00130415414719618 0.0121520256019521 0.737952164115386
-0.0290000000000002 -0.00870015298129026 -0.00994798865281189 0.77931392877983
-0.0300000000000002 0.0124341423669176 0.0102856076048938 0.834259042048825
-0.0310000000000002 -0.0190524838308912 -0.0246828089938643 0.83211221507435
-0.0320000000000003 0.025449638428681 0.0194382275768902 0.851752677565906
-0.0330000000000003 -0.022219792800184 -0.0251482132100229 0.808418562000697
-0.034 0.0144713265627691 0.027028660090988 0.802950918965135
-0.0350000000000001 -0.03047108169761 -0.0280088199430655 0.717366523141417
-0.0360000000000001 0.0144526807510444 0.00249076896083982 0.665254709649009
-0.0370000000000001 -0.0186300295649934 -0.013588958645586 0.509436113730917
-0.0380000000000002 -0.00227500962069764 0.0153828732554138 0.374389365357512
-0.0390000000000002 -0.0008241136130836 0.00220624377610669 0.220997578867798
-0.0400000000000002 -0.0101041421506234 -0.0222936654324552 0.0826391608665555
-0.0410000000000003 0.00324614594713255 0.0118999986787917 -0.0244918974683231
-0.0420000000000003 -0.0244589609927004 -0.0183883641635656 -0.193363474567059
-0.043 0.0111196657094875 0.00643081416304529 -0.309075048237048
-0.044 -0.0230057773724769 -0.026594033314146 -0.484453794309163
-0.0450000000000001 -0.00287764178140981 0.00201170896796426 -0.601986073721754
-0.0460000000000001 -0.0205848255275382 -0.0135975394049058 -0.770161006306025
-0.0470000000000001 0.00239096580267338 -0.0019690766074309 -0.904380188492754
-0.0480000000000002 -7.39595649975912e-06 0.0068047249603377 -1.03864566872533
-0.0490000000000002 0.00835616805681109 -0.00660680650429517 -1.14955903518419
-0.0500000000000002 -0.00584397430842055 0.000621956492393737 -1.23106967279051
-0.0510000000000003 0.0163348466899404 0.0186990238437492 -1.25780560533973
-0.0520000000000002 -0.0186268047391328 -0.0241517253701099 -1.28735343293077
-0.053 0.0267195152968498 0.0213698827729833 -1.2272136490367
-0.0540000000000001 -0.0333001670748522 -0.0222382473946454 -1.23736263223705
-0.0550000000000001 0.0240886003622418 0.0313079539393605 -1.16094332260034
-0.0560000000000001 -0.0308969790817498 -0.0348293279532579 -1.19555459522475
-0.0570000000000002 0.0348784425673752 0.0247729471454655 -1.12709174834569
-0.0580000000000002 -0.0222970558740107 -0.0215282449005861 -1.11694209998457
-0.0590000000000002 0.0233836226811926 0.0251693064920653 -1.03306875203423
-0.0600000000000003 -0.024084399746747 -0.0228470830072664 -1.02047364400396
-0.0610000000000003 0.0283440080454692 0.0237348034344996 -0.899824499582283
-0.0620000000000002 -0.0107365299288062 -0.0182285157458815 -0.848432609567901
-0.063 0.0130623332869166 0.0351642232604869 -0.739157224886137
-0.0640000000000001 -0.0264560803124517 -0.0212199906339946 -0.704697930883307
-0.0650000000000001 0.0215180579498366 0.0100272606672879 -0.618129572253383
-0.0660000000000001 -0.0208742944801775 -0.0261186912378815 -0.613445226679334
-0.0670000000000002 0.0146099311387466 0.0184071753934007 -0.586361964370425
-0.0680000000000002 -0.0345771397942963 -0.00493436619226012 -0.626584805030311
-0.0690000000000002 0.0200815040906472 0.00511741500133544 -0.665013912999729
-0.0700000000000003 -0.00441613854189942 -0.0205761468325765 -0.740752123660648
-0.0710000000000001 -0.00188878767394481 0.0128116653448688 -0.782415615153102
-0.072 -0.0064979178076635 -0.00278790128255505 -0.837569819414328
-0.0730000000000001 -0.00478750957669792 -0.0112692733204202 -0.91203834565888
-0.0740000000000001 0.00739322090896615 -0.00553582905880048 -0.966651951294032
-0.0750000000000001 0.00401606792206963 -0.00899631883390369 -1.06038596493182
-0.0760000000000002 -0.0149614547647754 -0.00328440400222301 -1.15263313222538
-0.0770000000000002 0.000560339601244359 0.00429574167397918 -1.22927566742844
-0.0780000000000002 -0.0059487431295894 -0.0105220909203007 -1.35280030601685
-0.0790000000000003 0.00171263302353541 0.00322203627842866 -1.45488731728091
-0.0800000000000003 -0.019228376139432 -0.00295756601273581 -1.58804742560625
-0.0810000000000002 0.0135730305716015 0.00956228436526298 -1.69666295412546
-0.082 -0.0122271419363105 0.00934478597514103 -1.78471279057182
-0.0830000000000001 0.00787179651247906 0.00206444325944043 -1.83487554260382
-0.0840000000000001 0.000475332312049398 -0.0221343044235565 -1.85398519601851
-0.0850000000000001 -6.87444991709937e-05 0.000233743049404237 -1.85699590455059
-0.0860000000000002 0.00299320234161126 -0.0207160942114511 -1.86971554758875
-0.0870000000000002 0.00240679175064761 -0.0029312949004553 -1.86871717515015
-0.0880000000000002 -0.010867060913124 0.0091924833186465 -1.86006448548803
-0.0890000000000003 -0.0118602389225595 0.00323168657769418 -1.86189403665824
-0.0900000000000001 0.0282377638231648 0.017846621096789 -1.82863678035322
-0.091 -0.0285665978531604 -0.0325864124846458 -1.85123544899871
-0.0920000000000001 0.022443753910854 0.0234056260504712 -1.78703797480849
-0.0930000000000001 -0.0220999907444876 -0.0165304467251748 -1.79974807353891
-0.0940000000000001 0.00765073062184194 0.0226840156926097 -1.76353249500145
-0.0950000000000002 -0.00457609073927199 -0.025661273935812 -1.78871298775728
-0.0960000000000002 0.00406828170156597 -0.0029089273867243 -1.79181035228858
-0.0970000000000002 -0.0139598095279002 0.00607533367514648 -1.80821143026817
-0.0980000000000003 -0.00971400134498453 -0.0103827353434812 -1.83032895029738
-0.0990000000000003 0.00244724920403298 -0.020938209081541 -1.88880693481233
-0.1 0.014175398408239 -0.00572090745417937 -1.94902088573431
-0.101 -0.0211608352714803 0.0039602737857052 -2.03596281113012
-0.102 -0.016217804203252 0.00107925451098515 -2.09697291689295
-0.103 0.011881535039441 -0.0185903609356681 -2.15701413924757
-0.104 0.00126557164450634 -0.00382103973142069 -2.21589699621682
-0.105 -0.0063492967266065 -0.00307528574541325 -2.27204522395221
-0.106 -0.0154497931963424 -0.00812479698044603 -2.32534958964451
-0.107 -0.0122815796694568 -0.00793223504672323 -2.38480445161423
-0.108 0.00639147684159377 0.00914137708180364 -2.41386661441928
-0.109 -0.0201109907393822 -0.0220606533746245 -2.47707013291112
-0.11 0.0177211828977094 -0.00129583674695582 -2.49679524390375
-0.111 -0.012302060644427 -0.0171264639224352 -2.53619219047259
-0.112 -0.00113837844390327 -0.00118973344634901 -2.55889075490489
-0.113 -0.00825929973192389 0.000173714732995176 -2.59421661662341
-0.114 0.00667508654027293 -0.0267195645808213 -2.60979396781851
-0.115 0.0228951557085185 -0.000696432144665391 -2.63122739269264
-0.116 -0.018655049502434 -0.0184255156493598 -2.66238201732087
-0.117 0.00251356695408725 0.00766318022216719 -2.66628477166312
-0.118 -0.0172554711693515 -0.0176919494472576 -2.69561930797381
-0.119 0.023469281848414 -0.00682922704904715 -2.72876195495003
-0.12 0.00372954424379706 -0.0140018213924625 -2.76645577180024
-0.121 -0.030620614713535 -0.0127546169429839 -2.81064673304766
-0.122 0.0197014936290131 0.00967300920872174 -2.83145602567262
-0.123 -0.0145948798667451 -0.0221630765875925 -2.90323550871455
-0.124 -0.00286563121026166 0.00555267673294412 -2.91342176372964
-0.125 -0.0167768621469809 -0.0144169832581528 -2.95698917397093
-0.126 0.00301416694191749 0.0044621855072479 -2.97456136180402
-0.127 0.00470631923273401 -0.0181508527736287 -3.00541927152035
-0.128 0.00700299855572814 -0.0185607081681154 -3.00408576484554
-0.129 -0.0199844601214746 0.00913718623971863 -3.03759046798715
-0.13 -0.0246852748769159 -0.0109927629125049 -3.0745063653782
-0.131 0.0335255948618773 -0.017641369699245 -3.09429841965397
-0.132 -0.00902889393818456 -0.0269298140619004 -3.1213022483107
-0.133 0.00497723892678782 0.0057659244800741 -3.12858557049289
-0.134 -0.0309835453382064 -0.0092870438333872 -3.18530367436411
-0.135 0.0330238788974755 0.00369263836764252 -3.16809243458556
-0.136 -0.00769929551593459 -0.0453438906231354 -3.21869734485561
-0.137 -0.0117665588060027 -0.0202945061407388 -3.20500945959114
-0.138 0.0087529904025692 0.0189831357242768 -3.19434551680215
-0.139 -0.0173431565305159 -0.0541060238411447 -3.2407016230293
-0.14 0.0356599702400984 0.00204562628597041 -3.18564924087064
-0.141 -0.0382286915363301 -0.0305633120567329 -3.26163239276762
-0.142 0.00266067884564273 -0.000581114205754694 -3.25059353392265
-0.143 0.00158691296472643 -0.0254373040697869 -3.26335077149634
-0.144 0.00100753684544728 -0.0174399972048103 -3.25310025893647
-0.145 -0.00267832634232932 -0.00159764188751625 -3.2642109809983
-0.146 -0.00794159042019234 -0.00768623208486212 -3.27700130681085
-0.147 -0.00610394537688401 -0.00946984346728008 -3.27397092217945
-0.148 0.0181064943710325 -0.0214225749281665 -3.28986835236682
-0.149 -0.0222089846654026 -0.0200289573451171 -3.32185563074376
-0.15 0.0135748541035445 0.00745886224587775 -3.30903413110365
-0.151 -0.0348831368295269 -0.0153054590105294 -3.34738268110624
-0.152 0.0311971114863063 -0.0147919780127099 -3.33218524510452
-0.153 0.00293238821736187 -0.0408037075009534 -3.39127377953853
-0.154 -0.00778003761237512 -0.0112702461856776 -3.39090780646995
-0.155 -0.0114120247718132 -0.00534791048927628 -3.38849085332504
-0.156 -0.00181044801393952 -0.00809187375158736 -3.39977925501425
-0.157 -0.00295980154978929 -0.0139883006785061 -3.44463753884497
-0.158 -0.00209596895274783 -0.0293304016116469 -3.4654606261706
-0.159 0.0139978611335584 0.00527782626246071 -3.42661512377965
-0.16 -0.0261901412025091 -0.018460825915614 -3.45682002296984
-0.161 0.0130087756697013 0.00113988297945613 -3.41437616303744
-0.162 0.00720918622810709 -0.0361222384554558 -3.41518657841645
-0.163 -0.00751059487770049 -0.0240983497036149 -3.39261454090578
-0.164 -0.00750537529010266 -0.00548871583848655 -3.37451309982159
-0.165 -0.00906791405259317 0.0059919149463811 -3.34293455743843
-0.166 -0.00555917272128204 -0.018022602937712 -3.29653697732997
-0.167 0.011454606021505 -0.0314226213952695 -3.2681509597941
-0.168 0.0229570044814559 -0.0217676727198195 -3.23365096556527
-0.169 -0.0118885294182286 -0.0250878236095978 -3.20583508389254
-0.17 0.00507535559408793 -0.00488008283122855 -3.17481839735583
-0.171 -0.0183781991746433 -0.0169367862360476 -3.16432380122936
-0.172 -0.00276999162158762 -0.0217439870627219 -3.14466975327464
-0.173 0.00487207714101301 0.000580821164977221 -3.12293296678912
-0.174 -0.00957462447408915 -0.0331397048163895 -3.13048494791322
-0.175 -0.0077439469798654 -0.00696035799572588 -3.10197787840573
-0.176 -0.00274179693771093 -0.0204546207831737 -3.08742998206844
-0.177 0.0239132999882118 -0.0269252692524123 -3.08250643196915
-0.178 -0.00835869512318424 -0.0138511983043566 -3.09020031192303
-0.179 -0.0118361185195413 -0.0281974305939387 -3.11159894955534
-0.18 -0.0132004369682641 -0.00674377751928822 -3.08771349815214
-0.181 0.0113463316331535 -0.00571494682883338 -3.09115480864688
-0.182 -0.0243806900137376 -0.0473523952147958 -3.12194780381925
-0.183 0.00671494499104789 0.0148456229507598 -3.08909831969028
-0.184 -0.0121978375411815 -0.012344114374517 -3.12211044964838
-0.185 0.0237154838475964 0.000281388581609493 -3.13306074990258
-0.186 -0.019397263526606 -0.0285050579354655 -3.19440208692533
-0.187 0.0232192214373695 -0.0218290455080876 -3.1903334449883
-0.188 -0.00201763984148877 -0.0252689375861422 -3.22414333173631
-0.189 -0.0173943614255326 -0.00225807492547464 -3.23509566124474
-0.19 -0.0182203999056583 -0.0176538767431344 -3.27801924440687
-0.191 0.0190492028580712 -0.0218514947760717 -3.30160613470338
-0.192 0.0132629866818584 -0.0263949698332248 -3.31798148860841
-0.193 -0.0308665380242706 -0.00504334066329 -3.34339020340394
-0.194 -0.0118197385509911 0.0022145130581546 -3.38226180003467
-0.195 0.00482560498470627 -0.0412506820387259 -3.41286711529919
-0.196 -0.0096531029810099 -0.00681139127465145 -3.40061882387388
-0.197 -0.00208043032057618 0.00829821655634134 -3.44392912215646
-0.198 -0.0159554214641096 -0.0184621593394324 -3.47111479375099
-0.199 -0.00413626321626698 -0.00412822011955077 -3.47834547019661
-0.2 -0.00372718412076757 -0.0254838967523147 -3.50997653659624
